Amplitude (radians)	Period (seconds)	Amplitude uncertainty (radians)	Period uncertainty (seconds)
1.403	1.233	0.002	0.008
1.392	1.2	0.002	0.008
1.369	1.2	0.002	0.008
1.34	1.2	0.002	0.008
1.324	1.2	0.002	0.008
1.314	1.167	0.002	0.008
1.299	1.2	0.002	0.008
1.284	1.167	0.002	0.008
1.265	1.2	0.002	0.008
1.217	1.167	0.002	0.008
1.215	1.167	0.002	0.008
1.182	1.167	0.002	0.008
1.163	1.167	0.002	0.008
1.144	1.167	0.002	0.008
1.128	1.167	0.002	0.008
1.113	1.133	0.002	0.008
1.092	1.167	0.002	0.008
1.074	1.167	0.002	0.008
1.067	1.133	0.002	0.008
1.057	1.167	0.002	0.008
1.045	1.133	0.002	0.008
1.042	1.167	0.002	0.008
1.032	1.133	0.002	0.008
1.021	1.133	0.002	0.008
1.015	1.133	0.002	0.008
1.005	1.167	0.002	0.008
1.001	1.133	0.002	0.008
0.997	1.133	0.002	0.008
0.992	1.133	0.002	0.008
0.979	1.133	0.002	0.008
0.973	1.133	0.002	0.008
0.958	1.133	0.002	0.008
0.951	1.1	0.002	0.008
0.948	1.133	0.002	0.008
0.946	1.133	0.002	0.008
0.935	1.133	0.002	0.008
0.919	1.133	0.002	0.008
0.911	1.1	0.002	0.008
0.901	1.133	0.002	0.008
0.896	1.1	0.002	0.008
0.89	1.133	0.002	0.008
0.874	1.133	0.002	0.008
0.87	1.1	0.002	0.008
0.856	1.133	0.002	0.008
0.852	1.133	0.002	0.008
0.845	1.133	0.002	0.008
0.841	1.1	0.002	0.008
0.837	1.1	0.002	0.008
0.836	1.1	0.002	0.008
0.819	1.133	0.002	0.008
0.815	1.1	0.002	0.008
0.801	1.1	0.002	0.008
0.8	1.1	0.002	0.008
0.791	1.133	0.002	0.008
0.786	1.1	0.002	0.008
0.785	1.1	0.002	0.008
0.78	1.1	0.002	0.008
0.78	1.133	0.002	0.008
0.779	1.1	0.002	0.008
0.766	1.1	0.002	0.008
0.759	1.1	0.002	0.008
0.758	1.133	0.002	0.008
0.756	1.1	0.002	0.008
0.741	1.1	0.002	0.008
0.738	1.1	0.002	0.008
0.73	1.1	0.002	0.008
0.73	1.133	0.002	0.008
0.727	1.067	0.002	0.008
0.727	1.1	0.002	0.008
0.724	1.133	0.002	0.008
0.715	1.1	0.002	0.008
0.714	1.1	0.002	0.008
0.713	1.1	0.002	0.008
0.701	1.1	0.002	0.008
0.701	1.1	0.002	0.008
0.696	1.1	0.002	0.008
0.681	1.067	0.002	0.008
0.674	1.1	0.002	0.008
0.668	1.1	0.002	0.008
0.666	1.1	0.002	0.008
0.665	1.1	0.002	0.008
0.659	1.1	0.002	0.008
0.653	1.1	0.002	0.008
0.652	1.1	0.002	0.008
0.645	1.1	0.002	0.008
0.642	1.067	0.002	0.008
0.637	1.1	0.002	0.008
0.632	1.1	0.002	0.008
0.629	1.1	0.002	0.008
0.626	1.1	0.002	0.008
0.619	1.067	0.002	0.008
0.618	1.1	0.002	0.008
0.617	1.1	0.002	0.008
0.61	1.1	0.002	0.008
0.604	1.067	0.002	0.008
0.603	1.1	0.002	0.008
0.601	1.1	0.002	0.008
0.6	1.1	0.002	0.008
0.599	1.1	0.002	0.008
0.591	1.067	0.002	0.008
0.59	1.1	0.002	0.008
0.589	1.1	0.002	0.008
0.586	1.1	0.002	0.008
0.583	1.067	0.002	0.008
0.581	1.1	0.002	0.008
0.572	1.1	0.002	0.008
0.568	1.067	0.002	0.008
0.568	1.1	0.002	0.008
0.563	1.1	0.002	0.008
0.558	1.067	0.002	0.008
0.552	1.1	0.002	0.008
0.551	1.1	0.002	0.008
0.547	1.1	0.002	0.008
0.546	1.1	0.002	0.008
0.543	1.067	0.002	0.008
0.542	1.067	0.002	0.008
0.54	1.067	0.002	0.008
0.539	1.1	0.002	0.008
0.532	1.1	0.002	0.008
0.531	1.1	0.002	0.008
0.528	1.1	0.002	0.008
0.528	1.067	0.002	0.008
0.528	1.067	0.002	0.008
0.524	1.067	0.002	0.008
0.522	1.1	0.002	0.008
0.512	1.1	0.002	0.008
0.511	1.1	0.002	0.008
0.51	1.067	0.002	0.008
0.506	1.067	0.002	0.008
0.506	1.1	0.002	0.008
0.504	1.1	0.002	0.008
0.5	1.067	0.002	0.008
0.495	1.1	0.002	0.008
0.489	1.067	0.002	0.008
0.488	1.067	0.002	0.008
0.486	1.1	0.002	0.008
0.485	1.1	0.002	0.008
0.48	1.067	0.002	0.008
0.478	1.1	0.002	0.008
0.478	1.1	0.002	0.008
0.478	1.067	0.002	0.008
0.476	1.067	0.002	0.008
0.475	1.1	0.002	0.008
0.471	1.067	0.002	0.008
0.467	1.1	0.002	0.008
0.467	1.067	0.002	0.008
0.463	1.067	0.002	0.008
0.458	1.067	0.002	0.008
0.454	1.1	0.002	0.008
0.454	1.1	0.002	0.008
0.449	1.1	0.002	0.008
0.448	1.1	0.002	0.008
0.442	1.067	0.002	0.008
0.442	1.067	0.002	0.008
0.439	1.067	0.002	0.008
0.437	1.1	0.002	0.008
0.434	1.067	0.002	0.008
0.43	1.1	0.002	0.008
0.428	1.1	0.002	0.008
0.428	1.067	0.002	0.008
0.427	1.067	0.002	0.008
0.425	1.1	0.002	0.008
0.425	1.067	0.002	0.008
0.415	1.067	0.002	0.008
0.414	1.1	0.002	0.008
0.412	1.067	0.002	0.008
0.412	1.1	0.002	0.008
0.412	1.067	0.002	0.008
0.411	1.067	0.002	0.008
0.408	1.1	0.002	0.008
0.404	1.067	0.002	0.008
0.402	1.1	0.002	0.008
0.402	1.067	0.002	0.008
0.401	1.1	0.002	0.008
0.401	1.067	0.002	0.008
0.399	1.067	0.002	0.008
0.397	1.1	0.002	0.008
0.393	1.1	0.002	0.008
0.392	1.1	0.002	0.008
0.39	1.067	0.002	0.008
0.389	1.067	0.002	0.008
0.386	1.067	0.002	0.008
0.385	1.1	0.002	0.008
0.384	1.067	0.002	0.008
0.384	1.067	0.002	0.008
0.382	1.1	0.002	0.008
0.38	1.067	0.002	0.008
0.379	1.067	0.002	0.008
0.376	1.067	0.002	0.008
0.373	1.1	0.002	0.008
0.373	1.067	0.002	0.008
0.369	1.1	0.002	0.008
0.366	1.067	0.002	0.008
0.366	1.067	0.002	0.008
0.364	1.1	0.002	0.008
0.359	1.1	0.002	0.008
0.359	1.067	0.002	0.008
0.357	1.067	0.002	0.008
0.355	1.1	0.002	0.008
0.355	1.067	0.002	0.008
0.355	1.1	0.002	0.008
0.354	1.067	0.002	0.008
0.354	1.067	0.002	0.008
0.353	1.067	0.002	0.008
0.352	1.1	0.002	0.008
0.352	1.067	0.002	0.008
0.349	1.067	0.002	0.008
0.348	1.067	0.002	0.008
0.348	1.067	0.002	0.008
0.345	1.1	0.002	0.008
0.345	1.067	0.002	0.008
0.34	1.067	0.002	0.008
0.337	1.1	0.002	0.008
0.336	1.067	0.002	0.008
0.336	1.067	0.002	0.008
0.334	1.067	0.002	0.008
0.332	1.067	0.002	0.008
0.331	1.067	0.002	0.008
0.328	1.1	0.002	0.008
0.325	1.067	0.002	0.008
0.324	1.1	0.002	0.008
0.324	1.067	0.002	0.008
0.322	1.1	0.002	0.008
0.319	1.067	0.002	0.008
0.316	1.1	0.002	0.008
0.314	1.067	0.002	0.008
0.313	1.067	0.002	0.008
0.313	1.1	0.002	0.008
0.312	1.0	0.002	0.008
0.31	1.067	0.002	0.008
0.308	1.067	0.002	0.008
0.308	1.1	0.002	0.008
0.305	1.1	0.002	0.008
0.304	1.067	0.002	0.008
0.302	1.067	0.002	0.008
0.302	1.1	0.002	0.008
0.3	1.033	0.002	0.008
0.299	1.1	0.002	0.008
0.295	1.067	0.002	0.008
0.295	1.1	0.002	0.008
0.294	1.067	0.002	0.008
0.293	1.067	0.002	0.008
0.293	1.067	0.002	0.008
0.291	1.1	0.002	0.008
0.29	1.067	0.002	0.008
0.289	1.067	0.002	0.008
0.288	1.1	0.002	0.008
0.288	1.067	0.002	0.008
0.287	1.067	0.002	0.008
0.284	1.067	0.002	0.008
0.284	1.067	0.002	0.008
0.281	1.067	0.002	0.008
0.281	1.067	0.002	0.008
0.281	1.1	0.002	0.008
0.278	1.067	0.002	0.008
0.276	1.067	0.002	0.008
0.275	1.067	0.002	0.008
0.274	1.1	0.002	0.008
0.273	1.067	0.002	0.008
0.271	1.067	0.002	0.008
0.27	1.1	0.002	0.008
0.267	1.1	0.002	0.008
0.267	1.067	0.002	0.008
0.266	1.067	0.002	0.008
0.265	1.067	0.002	0.008
0.261	1.067	0.002	0.008
0.26	1.1	0.002	0.008
0.259	1.067	0.002	0.008
0.256	1.067	0.002	0.008
0.255	1.067	0.002	0.008
0.255	1.067	0.002	0.008
0.254	1.1	0.002	0.008
0.252	1.067	0.002	0.008
0.251	1.067	0.002	0.008
0.251	1.067	0.002	0.008
0.251	1.1	0.002	0.008
0.25	1.067	0.002	0.008
0.248	1.067	0.002	0.008
0.246	1.067	0.002	0.008
0.245	1.067	0.002	0.008
0.245	1.1	0.002	0.008
0.243	1.1	0.002	0.008
0.242	1.067	0.002	0.008
0.241	1.067	0.002	0.008
0.24	1.067	0.002	0.008
0.238	1.067	0.002	0.008
0.237	1.067	0.002	0.008
0.237	1.1	0.002	0.008
0.236	1.067	0.002	0.008
0.236	1.067	0.002	0.008
0.236	1.1	0.002	0.008
0.231	1.033	0.002	0.008
0.231	1.1	0.002	0.008
0.231	1.067	0.002	0.008
0.23	1.067	0.002	0.008
0.23	1.067	0.002	0.008
0.226	1.067	0.002	0.008
0.226	1.067	0.002	0.008
0.226	1.067	0.002	0.008
0.226	1.1	0.002	0.008
0.225	1.1	0.002	0.008
0.222	1.067	0.002	0.008
0.222	1.067	0.002	0.008
0.222	1.067	0.002	0.008
0.22	1.1	0.002	0.008
0.22	1.1	0.002	0.008
0.22	1.067	0.002	0.008
0.217	1.067	0.002	0.008
0.217	1.067	0.002	0.008
0.216	1.067	0.002	0.008
0.214	1.067	0.002	0.008
0.213	1.1	0.002	0.008
0.212	1.067	0.002	0.008
0.208	1.067	0.002	0.008
-0.211	1.067	0.002	0.008
-0.212	1.067	0.002	0.008
-0.214	1.067	0.002	0.008
-0.215	1.1	0.002	0.008
-0.218	1.067	0.002	0.008
-0.22	1.067	0.002	0.008
-0.22	1.067	0.002	0.008
-0.221	1.067	0.002	0.008
-0.223	1.1	0.002	0.008
-0.224	1.1	0.002	0.008
-0.225	1.067	0.002	0.008
-0.226	1.067	0.002	0.008
-0.228	1.067	0.002	0.008
-0.23	1.1	0.002	0.008
-0.23	1.067	0.002	0.008
-0.23	1.067	0.002	0.008
-0.231	1.067	0.002	0.008
-0.231	1.067	0.002	0.008
-0.233	1.1	0.002	0.008
-0.233	1.067	0.002	0.008
-0.234	1.067	0.002	0.008
-0.235	1.067	0.002	0.008
-0.236	1.067	0.002	0.008
-0.236	1.1	0.002	0.008
-0.236	1.067	0.002	0.008
-0.238	1.067	0.002	0.008
-0.24	1.1	0.002	0.008
-0.24	1.033	0.002	0.008
-0.241	1.067	0.002	0.008
-0.241	1.067	0.002	0.008
-0.242	1.1	0.002	0.008
-0.245	1.1	0.002	0.008
-0.245	1.067	0.002	0.008
-0.246	1.067	0.002	0.008
-0.247	1.067	0.002	0.008
-0.248	1.067	0.002	0.008
-0.25	1.067	0.002	0.008
-0.251	1.067	0.002	0.008
-0.251	1.1	0.002	0.008
-0.254	1.1	0.002	0.008
-0.254	1.067	0.002	0.008
-0.256	1.067	0.002	0.008
-0.256	1.067	0.002	0.008
-0.257	1.067	0.002	0.008
-0.26	1.1	0.002	0.008
-0.261	1.067	0.002	0.008
-0.262	1.067	0.002	0.008
-0.263	1.1	0.002	0.008
-0.263	1.067	0.002	0.008
-0.263	1.067	0.002	0.008
-0.265	1.067	0.002	0.008
-0.269	1.067	0.002	0.008
-0.269	1.067	0.002	0.008
-0.269	1.1	0.002	0.008
-0.269	1.1	0.002	0.008
-0.273	1.067	0.002	0.008
-0.273	1.067	0.002	0.008
-0.274	1.067	0.002	0.008
-0.276	1.1	0.002	0.008
-0.277	1.1	0.002	0.008
-0.278	1.067	0.002	0.008
-0.279	1.067	0.002	0.008
-0.282	1.1	0.002	0.008
-0.283	1.067	0.002	0.008
-0.284	1.067	0.002	0.008
-0.284	1.067	0.002	0.008
-0.284	1.067	0.002	0.008
-0.287	1.067	0.002	0.008
-0.288	1.067	0.002	0.008
-0.289	1.1	0.002	0.008
-0.291	1.067	0.002	0.008
-0.291	1.067	0.002	0.008
-0.294	1.1	0.002	0.008
-0.296	1.067	0.002	0.008
-0.296	1.067	0.002	0.008
-0.298	1.067	0.002	0.008
-0.298	1.1	0.002	0.008
-0.299	1.067	0.002	0.008
-0.299	1.067	0.002	0.008
-0.301	1.067	0.002	0.008
-0.305	1.067	0.002	0.008
-0.305	1.1	0.002	0.008
-0.306	1.033	0.002	0.008
-0.306	1.067	0.002	0.008
-0.306	1.067	0.002	0.008
-0.306	1.067	0.002	0.008
-0.307	1.1	0.002	0.008
-0.308	1.067	0.002	0.008
-0.309	1.1	0.002	0.008
-0.309	1.067	0.002	0.008
-0.31	1.067	0.002	0.008
-0.311	1.1	0.002	0.008
-0.313	1.1	0.002	0.008
-0.313	1.067	0.002	0.008
-0.314	1.067	0.002	0.008
-0.314	1.067	0.002	0.008
-0.315	1.067	0.002	0.008
-0.317	1.1	0.002	0.008
-0.318	1.067	0.002	0.008
-0.319	1.067	0.002	0.008
-0.322	1.1	0.002	0.008
-0.324	1.067	0.002	0.008
-0.328	1.067	0.002	0.008
-0.328	1.1	0.002	0.008
-0.329	1.067	0.002	0.008
-0.329	1.067	0.002	0.008
-0.331	1.1	0.002	0.008
-0.332	1.067	0.002	0.008
-0.333	1.067	0.002	0.008
-0.336	1.067	0.002	0.008
-0.337	1.1	0.002	0.008
-0.34	1.067	0.002	0.008
-0.342	1.1	0.002	0.008
-0.342	1.067	0.002	0.008
-0.342	1.1	0.002	0.008
-0.344	1.067	0.002	0.008
-0.346	1.067	0.002	0.008
-0.349	1.067	0.002	0.008
-0.35	1.067	0.002	0.008
-0.351	1.067	0.002	0.008
-0.352	1.067	0.002	0.008
-0.354	1.1	0.002	0.008
-0.354	1.067	0.002	0.008
-0.355	1.1	0.002	0.008
-0.356	1.067	0.002	0.008
-0.357	1.1	0.002	0.008
-0.361	1.1	0.002	0.008
-0.366	1.067	0.002	0.008
-0.366	1.067	0.002	0.008
-0.368	1.1	0.002	0.008
-0.368	1.067	0.002	0.008
-0.374	1.1	0.002	0.008
-0.374	1.067	0.002	0.008
-0.375	1.067	0.002	0.008
-0.382	1.1	0.002	0.008
-0.382	1.1	0.002	0.008
-0.382	1.067	0.002	0.008
-0.383	1.067	0.002	0.008
-0.384	1.067	0.002	0.008
-0.386	1.1	0.002	0.008
-0.39	1.067	0.002	0.008
-0.393	1.067	0.002	0.008
-0.394	1.1	0.002	0.008
-0.395	1.067	0.002	0.008
-0.397	1.1	0.002	0.008
-0.398	1.067	0.002	0.008
-0.399	1.1	0.002	0.008
-0.406	1.067	0.002	0.008
-0.406	1.067	0.002	0.008
-0.409	1.067	0.002	0.008
-0.41	1.1	0.002	0.008
-0.412	1.1	0.002	0.008
-0.412	1.067	0.002	0.008
-0.414	1.067	0.002	0.008
-0.416	1.1	0.002	0.008
-0.42	1.067	0.002	0.008
-0.422	1.067	0.002	0.008
-0.422	1.1	0.002	0.008
-0.426	1.1	0.002	0.008
-0.428	1.1	0.002	0.008
-0.428	1.067	0.002	0.008
-0.429	1.067	0.002	0.008
-0.432	1.067	0.002	0.008
-0.433	1.1	0.002	0.008
-0.439	1.1	0.002	0.008
-0.443	1.067	0.002	0.008
-0.443	1.067	0.002	0.008
-0.445	1.1	0.002	0.008
-0.445	1.067	0.002	0.008
-0.449	1.1	0.002	0.008
-0.451	1.067	0.002	0.008
-0.454	1.1	0.002	0.008
-0.456	1.067	0.002	0.008
-0.461	1.1	0.002	0.008
-0.464	1.1	0.002	0.008
-0.464	1.1	0.002	0.008
-0.466	1.067	0.002	0.008
-0.471	1.067	0.002	0.008
-0.473	1.067	0.002	0.008
-0.474	1.1	0.002	0.008
-0.477	1.067	0.002	0.008
-0.477	1.1	0.002	0.008
-0.48	1.1	0.002	0.008
-0.484	1.067	0.002	0.008
-0.486	1.1	0.002	0.008
-0.488	1.067	0.002	0.008
-0.494	1.1	0.002	0.008
-0.499	1.1	0.002	0.008
-0.499	1.067	0.002	0.008
-0.5	1.067	0.002	0.008
-0.504	1.1	0.002	0.008
-0.508	1.067	0.002	0.008
-0.51	1.1	0.002	0.008
-0.51	1.1	0.002	0.008
-0.515	1.1	0.002	0.008
-0.517	1.1	0.002	0.008
-0.517	1.067	0.002	0.008
-0.526	1.067	0.002	0.008
-0.526	1.1	0.002	0.008
-0.53	1.067	0.002	0.008
-0.535	1.1	0.002	0.008
-0.536	1.1	0.002	0.008
-0.537	1.067	0.002	0.008
-0.542	1.1	0.002	0.008
-0.544	1.1	0.002	0.008
-0.55	1.067	0.002	0.008
-0.555	1.067	0.002	0.008
-0.556	1.1	0.002	0.008
-0.557	1.1	0.002	0.008
-0.561	1.1	0.002	0.008
-0.561	1.1	0.002	0.008
-0.567	1.1	0.002	0.008
-0.567	1.067	0.002	0.008
-0.572	1.1	0.002	0.008
-0.574	1.1	0.002	0.008
-0.583	1.067	0.002	0.008
-0.585	1.1	0.002	0.008
-0.589	1.1	0.002	0.008
-0.591	1.067	0.002	0.008
-0.595	1.1	0.002	0.008
-0.598	1.1	0.002	0.008
-0.6	1.1	0.002	0.008
-0.604	1.1	0.002	0.008
-0.608	1.1	0.002	0.008
-0.615	1.067	0.002	0.008
-0.617	1.1	0.002	0.008
-0.621	1.1	0.002	0.008
-0.628	1.1	0.002	0.008
-0.629	1.1	0.002	0.008
-0.631	1.1	0.002	0.008
-0.638	1.067	0.002	0.008
-0.644	1.1	0.002	0.008
-0.649	1.1	0.002	0.008
-0.656	1.1	0.002	0.008
-0.661	1.1	0.002	0.008
-0.663	1.1	0.002	0.008
-0.668	1.1	0.002	0.008
-0.669	1.1	0.002	0.008
-0.675	1.1	0.002	0.008
-0.683	1.1	0.002	0.008
-0.686	1.1	0.002	0.008
-0.689	1.1	0.002	0.008
-0.697	1.1	0.002	0.008
-0.698	1.1	0.002	0.008
-0.7	1.1	0.002	0.008
-0.711	1.1	0.002	0.008
-0.713	1.1	0.002	0.008
-0.722	1.1	0.002	0.008
-0.723	1.1	0.002	0.008
-0.727	1.1	0.002	0.008
-0.727	1.1	0.002	0.008
-0.736	1.133	0.002	0.008
-0.744	1.1	0.002	0.008
-0.751	1.1	0.002	0.008
-0.758	1.1	0.002	0.008
-0.758	1.1	0.002	0.008
-0.761	1.133	0.002	0.008
-0.767	1.1	0.002	0.008
-0.773	1.1	0.002	0.008
-0.782	1.133	0.002	0.008
-0.782	1.1	0.002	0.008
-0.791	1.1	0.002	0.008
-0.798	1.133	0.002	0.008
-0.799	1.1	0.002	0.008
-0.812	1.1	0.002	0.008
-0.818	1.133	0.002	0.008
-0.825	1.1	0.002	0.008
-0.835	1.133	0.002	0.008
-0.841	1.1	0.002	0.008
-0.85	1.133	0.002	0.008
-0.859	1.1	0.002	0.008
-0.866	1.133	0.002	0.008
-0.875	1.1	0.002	0.008
-0.883	1.133	0.002	0.008
-0.893	1.133	0.002	0.008
-0.897	1.1	0.002	0.008
-0.909	1.133	0.002	0.008
-0.92	1.133	0.002	0.008
-0.922	1.133	0.002	0.008
-0.935	1.133	0.002	0.008
-0.943	1.1	0.002	0.008
-0.951	1.133	0.002	0.008
-0.96	1.133	0.002	0.008
-0.968	1.133	0.002	0.008
-0.979	1.133	0.002	0.008
-0.986	1.133	0.002	0.008
-0.997	1.133	0.002	0.008
-1.005	1.133	0.002	0.008
-1.013	1.167	0.002	0.008
-1.022	1.133	0.002	0.008
-1.037	1.133	0.002	0.008
-1.051	1.167	0.002	0.008
-1.056	1.133	0.002	0.008
-1.071	1.133	0.002	0.008
-1.082	1.167	0.002	0.008
-1.091	1.167	0.002	0.008
-1.1	1.133	0.002	0.008
-1.116	1.167	0.002	0.008
-1.134	1.167	0.002	0.008
-1.145	1.167	0.002	0.008
-1.166	1.133	0.002	0.008
-1.186	1.167	0.002	0.008
-1.212	1.2	0.002	0.008
-1.225	1.167	0.002	0.008
-1.247	1.167	0.002	0.008
-1.255	1.167	0.002	0.008
-1.283	1.2	0.002	0.008
-1.301	1.167	0.002	0.008
-1.314	1.2	0.002	0.008
-1.343	1.2	0.002	0.008
-1.367	1.2	0.002	0.008
-1.375	1.2	0.002	0.008
-1.43	1.2	0.002	0.008
-1.461	1.233	0.002	0.008
