t (seconds)	θ (degrees)	uncertainty t (type b from 120fps)	uncertainty θ (based on the precision of tracker app's autotracker measurements which can vary because of motion blur, estimated to be on the magnitude of +-(0.5/4=0.1) degree)
0	16.7259	0.008	0.1
0.033335	17.9564	0.008	0.1
0.066665	18.4519	0.008	0.1
0.1	18.4946	0.008	0.1
0.133335	18.0108	0.008	0.1
0.166665	16.8137	0.008	0.1
0.2	14.9062	0.008	0.1
0.233335	12.6132	0.008	0.1
0.266665	9.91141	0.008	0.1
0.3	6.78923	0.008	0.1
0.333335	3.23808	0.008	0.1
0.366665	-0.357763	0.008	0.1
0.4	-3.97136	0.008	0.1
0.433335	-7.34077	0.008	0.1
0.466665	-10.7294	0.008	0.1
0.5	-13.5645	0.008	0.1
0.533335	-15.9567	0.008	0.1
0.566665	-17.8922	0.008	0.1
0.6	-19.3283	0.008	0.1
0.633335	-20.1168	0.008	0.1
0.666665	-20.2686	0.008	0.1
0.7	-19.7769	0.008	0.1
0.733335	-18.5401	0.008	0.1
0.766665	-16.748	0.008	0.1
0.8	-14.4218	0.008	0.1
0.833335	-11.6302	0.008	0.1
0.866665	-8.62188	0.008	0.1
0.9	-5.22864	0.008	0.1
0.933335	-1.74916	0.008	0.1
0.966665	1.73165	0.008	0.1
1	5.20483	0.008	0.1
1.03333	8.40289	0.008	0.1
1.06667	11.3096	0.008	0.1
1.1	13.6488	0.008	0.1
1.13333	15.7262	0.008	0.1
1.16666	16.927	0.008	0.1
1.2	17.7772	0.008	0.1
1.23333	17.9656	0.008	0.1
1.26666	17.5256	0.008	0.1
1.3	16.4755	0.008	0.1
1.33333	14.8655	0.008	0.1
1.36666	12.7083	0.008	0.1
1.4	9.96487	0.008	0.1
1.43333	6.92727	0.008	0.1
1.46666	3.6761	0.008	0.1
1.5	0.271211	0.008	0.1
1.53333	-3.14719	0.008	0.1
1.56667	-6.61791	0.008	0.1
1.6	-10.0046	0.008	0.1
1.63333	-12.8918	0.008	0.1
1.66666	-15.3241	0.008	0.1
1.7	-17.4252	0.008	0.1
1.73333	-18.868	0.008	0.1
1.76666	-19.8532	0.008	0.1
1.8	-19.9784	0.008	0.1
1.83333	-19.6206	0.008	0.1
1.86666	-18.717	0.008	0.1
1.9	-17.1127	0.008	0.1
1.93333	-14.9332	0.008	0.1
1.96666	-12.2287	0.008	0.1
2	-9.18658	0.008	0.1
2.03333	-5.88744	0.008	0.1
2.06667	-2.47477	0.008	0.1
2.1	1.07369	0.008	0.1
2.13333	4.56014	0.008	0.1
2.16666	7.80051	0.008	0.1
2.2	10.659	0.008	0.1
2.23333	13.0243	0.008	0.1
2.26666	15.1705	0.008	0.1
2.3	16.7192	0.008	0.1
2.33333	17.6047	0.008	0.1
2.36666	17.8977	0.008	0.1
2.4	17.7312	0.008	0.1
2.43333	16.7854	0.008	0.1
2.46666	15.2987	0.008	0.1
2.5	13.3626	0.008	0.1
2.53333	10.8224	0.008	0.1
2.56667	8.08037	0.008	0.1
2.6	4.79805	0.008	0.1
2.63333	1.41699	0.008	0.1
2.66666	-1.62372	0.008	0.1
2.7	-5.00181	0.008	0.1
2.73335	-8.35339	0.008	0.1
2.76665	-11.3185	0.008	0.1
2.8	-14.0054	0.008	0.1
2.83335	-16.1238	0.008	0.1
2.86665	-17.8889	0.008	0.1
2.9	-18.9954	0.008	0.1
2.93335	-19.3653	0.008	0.1
2.96665	-19.2468	0.008	0.1
3	-18.371	0.008	0.1
3.03335	-16.984	0.008	0.1
3.06665	-15.0518	0.008	0.1
3.1	-12.6511	0.008	0.1
3.13335	-9.59359	0.008	0.1
3.16665	-6.41378	0.008	0.1
3.2	-3.00632	0.008	0.1
3.23335	0.445379	0.008	0.1
3.26665	3.80615	0.008	0.1
3.3	7.11304	0.008	0.1
3.33335	10.1789	0.008	0.1
3.36665	12.8407	0.008	0.1
3.4	15.1704	0.008	0.1
3.43335	16.9338	0.008	0.1
3.46665	17.9555	0.008	0.1
3.5	18.5671	0.008	0.1
3.53335	18.4831	0.008	0.1
3.56665	17.7789	0.008	0.1
3.6	16.426	0.008	0.1
3.63335	14.7072	0.008	0.1
3.66665	12.2822	0.008	0.1
3.7	9.54642	0.008	0.1
3.73335	6.47707	0.008	0.1
3.76665	2.91311	0.008	0.1
3.8	-0.563213	0.008	0.1
3.83335	-4.03617	0.008	0.1
3.86665	-7.38758	0.008	0.1
3.9	-10.6304	0.008	0.1
3.93335	-13.3198	0.008	0.1
3.96665	-15.7187	0.008	0.1
4	-17.6063	0.008	0.1
4.03335	-18.8403	0.008	0.1
4.06665	-19.4226	0.008	0.1
4.1	-19.4847	0.008	0.1
4.13335	-18.88	0.008	0.1
4.16665	-17.5259	0.008	0.1
4.2	-15.6503	0.008	0.1
4.23335	-13.3416	0.008	0.1
4.26665	-10.5655	0.008	0.1
4.3	-7.46335	0.008	0.1
4.33335	-3.97785	0.008	0.1
4.36665	-0.598503	0.008	0.1
4.4	2.85185	0.008	0.1
4.43335	6.30321	0.008	0.1
4.46665	9.49531	0.008	0.1
4.5	12.2462	0.008	0.1
4.53335	14.3915	0.008	0.1
4.56665	16.1703	0.008	0.1
4.6	17.4578	0.008	0.1
4.63335	18.195	0.008	0.1
4.66665	18.143	0.008	0.1
4.7	17.6882	0.008	0.1
4.73335	16.5804	0.008	0.1
4.76665	15.0161	0.008	0.1
4.8	12.9076	0.008	0.1
4.83335	10.318	0.008	0.1
4.86665	7.25901	0.008	0.1
4.9	4.06219	0.008	0.1
4.93335	0.692559	0.008	0.1
4.96665	-2.72241	0.008	0.1
5	-6.04201	0.008	0.1
5.03335	-9.19652	0.008	0.1
5.06665	-12.0525	0.008	0.1
5.1	-14.4116	0.008	0.1
5.13335	-16.4164	0.008	0.1
5.16665	-17.7937	0.008	0.1
5.2	-18.5809	0.008	0.1
5.23335	-18.8664	0.008	0.1
5.26665	-18.5024	0.008	0.1
5.3	-17.2993	0.008	0.1
5.33335	-15.5938	0.008	0.1
5.36665	-13.4252	0.008	0.1
5.4	-10.8866	0.008	0.1
5.43335	-7.98614	0.008	0.1
5.46665	-4.70715	0.008	0.1
5.5	-1.30385	0.008	0.1
5.53335	2.08749	0.008	0.1
5.56665	5.59276	0.008	0.1
5.6	8.74612	0.008	0.1
5.63335	11.5177	0.008	0.1
5.66665	13.8633	0.008	0.1
5.7	15.7397	0.008	0.1
5.73335	17.0525	0.008	0.1
5.76665	17.8669	0.008	0.1
5.8	18.0358	0.008	0.1
5.83335	17.6769	0.008	0.1
5.86665	16.5666	0.008	0.1
5.9	15.0114	0.008	0.1
5.93335	13.0338	0.008	0.1
5.96665	10.5214	0.008	0.1
6	7.5904	0.008	0.1
6.03335	4.39062	0.008	0.1
6.06665	1.31607	0.008	0.1
6.1	-2.21167	0.008	0.1
6.13335	-5.51966	0.008	0.1
6.16665	-8.73145	0.008	0.1
6.2	-11.6328	0.008	0.1
6.23335	-14.1384	0.008	0.1
6.26665	-16.379	0.008	0.1
6.3	-17.8756	0.008	0.1
6.33335	-18.9084	0.008	0.1
6.36665	-19.0452	0.008	0.1
6.4	-18.9137	0.008	0.1
6.43335	-18.0226	0.008	0.1
6.46665	-16.6506	0.008	0.1
6.5	-14.5579	0.008	0.1
6.53335	-12.1463	0.008	0.1
6.56665	-9.32174	0.008	0.1
6.6	-6.18129	0.008	0.1
6.63335	-2.88339	0.008	0.1
6.66665	0.549859	0.008	0.1
6.7	3.85705	0.008	0.1
6.73335	7.01125	0.008	0.1
6.76665	9.92204	0.008	0.1
6.8	12.2888	0.008	0.1
6.83335	14.4428	0.008	0.1
6.86665	16.0223	0.008	0.1
6.9	17.0542	0.008	0.1
6.93335	17.3976	0.008	0.1
6.96665	17.3249	0.008	0.1
7	16.5479	0.008	0.1
7.03335	15.1101	0.008	0.1
7.06665	13.1252	0.008	0.1
7.1	10.783	0.008	0.1
7.13335	7.79668	0.008	0.1
7.16665	4.75019	0.008	0.1
7.2	1.45686	0.008	0.1
7.23335	-2.00731	0.008	0.1
7.26665	-5.51497	0.008	0.1
7.3	-8.55684	0.008	0.1
7.33335	-11.4071	0.008	0.1
7.36665	-13.9808	0.008	0.1
7.4	-16.1682	0.008	0.1
7.43335	-17.7971	0.008	0.1
7.46665	-18.868	0.008	0.1
7.5	-19.4378	0.008	0.1
7.53335	-19.4014	0.008	0.1
7.56665	-18.6377	0.008	0.1
7.6	-17.1325	0.008	0.1
7.63335	-15.2347	0.008	0.1
7.66665	-12.7492	0.008	0.1
7.7	-9.96255	0.008	0.1
7.73335	-6.95294	0.008	0.1
7.76665	-3.47566	0.008	0.1
7.8	-0.0370708	0.008	0.1
7.83335	3.39758	0.008	0.1
7.86665	6.88086	0.008	0.1
7.9	9.84092	0.008	0.1
7.93335	12.4136	0.008	0.1
7.96665	14.5947	0.008	0.1
8	16.2041	0.008	0.1
8.03335	17.335	0.008	0.1
8.06665	17.8079	0.008	0.1
8.1	17.7377	0.008	0.1
8.13335	17.1054	0.008	0.1
8.16665	15.7247	0.008	0.1
8.2	13.9797	0.008	0.1
8.23335	11.7286	0.008	0.1
8.26665	9.01243	0.008	0.1
8.3	5.98196	0.008	0.1
8.33335	2.84389	0.008	0.1
8.36665	-0.372245	0.008	0.1
8.4	-3.71089	0.008	0.1
8.43335	-6.97139	0.008	0.1
8.46665	-10.0182	0.008	0.1
8.5	-12.7903	0.008	0.1
8.53335	-15.0198	0.008	0.1
8.56665	-16.771	0.008	0.1
8.6	-17.9576	0.008	0.1
8.63335	-18.4291	0.008	0.1
8.66665	-18.4642	0.008	0.1
8.7	-17.9429	0.008	0.1
8.73335	-16.6738	0.008	0.1
8.76665	-14.8625	0.008	0.1
8.8	-12.5637	0.008	0.1
8.83335	-9.96758	0.008	0.1
8.86665	-7.1605	0.008	0.1
8.9	-4.06781	0.008	0.1
8.93335	-0.584659	0.008	0.1
8.96665	2.82405	0.008	0.1
9	5.86372	0.008	0.1
9.03335	8.76443	0.008	0.1
9.06665	11.3956	0.008	0.1
9.1	13.6795	0.008	0.1
9.13335	15.5355	0.008	0.1
9.16665	16.8354	0.008	0.1
9.2	17.5992	0.008	0.1
9.23335	17.6385	0.008	0.1
9.26665	17.2125	0.008	0.1
9.3	16.0906	0.008	0.1
9.33335	14.3926	0.008	0.1
9.36665	12.3329	0.008	0.1
9.4	9.94147	0.008	0.1
9.43335	7.13017	0.008	0.1
9.46665	4.11826	0.008	0.1
9.5	1.30713	0.008	0.1
9.53335	-2.00034	0.008	0.1
9.56665	-5.21722	0.008	0.1
9.6	-8.42345	0.008	0.1
9.63335	-11.153	0.008	0.1
9.66665	-13.6548	0.008	0.1
9.7	-15.5202	0.008	0.1
9.73335	-16.9539	0.008	0.1
9.76665	-17.8796	0.008	0.1
9.8	-18.0227	0.008	0.1
9.83335	-17.7086	0.008	0.1
9.86665	-16.7252	0.008	0.1
9.9	-15.252	0.008	0.1
9.93335	-13.0628	0.008	0.1
9.96665	-10.5924	0.008	0.1
10	-7.83238	0.008	0.1
10.0333	-4.62029	0.008	0.1
10.0666	-1.30986	0.008	0.1
10.1	2.07441	0.008	0.1
10.1334	5.57957	0.008	0.1
10.1666	8.58569	0.008	0.1
10.2	11.3456	0.008	0.1
10.2333	13.6294	0.008	0.1
10.2666	15.376	0.008	0.1
10.3	16.8451	0.008	0.1
10.3333	17.7634	0.008	0.1
10.3666	17.9914	0.008	0.1
10.4	17.8578	0.008	0.1
10.4333	16.8916	0.008	0.1
10.4666	15.5004	0.008	0.1
10.5	13.5451	0.008	0.1
10.5333	11.3044	0.008	0.1
10.5666	8.63931	0.008	0.1
10.6	5.6713	0.008	0.1
10.6334	2.52926	0.008	0.1
10.6666	-0.833749	0.008	0.1
10.7	-4.22875	0.008	0.1
10.7333	-7.34659	0.008	0.1
10.7666	-10.1825	0.008	0.1
10.8	-12.6175	0.008	0.1
10.8333	-14.7095	0.008	0.1
10.8666	-16.2522	0.008	0.1
10.9	-17.1586	0.008	0.1
10.9333	-17.5942	0.008	0.1
10.9666	-17.4259	0.008	0.1
11	-16.5022	0.008	0.1
11.0333	-15.0617	0.008	0.1
11.0666	-13.0923	0.008	0.1
11.1	-10.8218	0.008	0.1
11.1334	-8.00891	0.008	0.1
11.1666	-5.09336	0.008	0.1
11.2	-1.87443	0.008	0.1
11.2333	1.41121	0.008	0.1
11.2666	4.67179	0.008	0.1
11.3	7.55582	0.008	0.1
11.3333	10.4427	0.008	0.1
11.3666	12.8112	0.008	0.1
11.4	14.8315	0.008	0.1
11.4333	16.4256	0.008	0.1
11.4666	17.5421	0.008	0.1
11.5	17.9116	0.008	0.1
11.5333	17.7396	0.008	0.1
11.5666	17.0242	0.008	0.1
11.6	15.615	0.008	0.1
11.6334	13.9227	0.008	0.1
11.6666	11.8164	0.008	0.1
11.7	9.27911	0.008	0.1
11.7333	6.24198	0.008	0.1
11.7666	3.27397	0.008	0.1
11.8	0.142749	0.008	0.1
11.8333	-3.10352	0.008	0.1
11.8666	-6.24848	0.008	0.1
11.9	-8.9957	0.008	0.1
11.9333	-11.602	0.008	0.1
11.9666	-13.7484	0.008	0.1
12	-15.3004	0.008	0.1
12.0333	-16.2559	0.008	0.1
12.0666	-16.8017	0.008	0.1
12.1	-16.6924	0.008	0.1
12.1334	-16.0187	0.008	0.1
12.1666	-14.7012	0.008	0.1
12.2	-12.8478	0.008	0.1
12.2333	-10.4998	0.008	0.1
12.2666	-7.96552	0.008	0.1
12.3	-5.77279	0.008	0.1
12.3333	-2.62872	0.008	0.1
12.3666	0.601268	0.008	0.1
12.4	3.78639	0.008	0.1
12.4333	6.83635	0.008	0.1
12.4666	9.73046	0.008	0.1
12.5	12.2287	0.008	0.1
12.5333	14.27	0.008	0.1
12.5666	15.9856	0.008	0.1
12.6	17.1482	0.008	0.1
12.6334	17.7233	0.008	0.1
12.6666	17.7624	0.008	0.1
12.7	17.0316	0.008	0.1
12.7333	15.8427	0.008	0.1
12.7666	14.1247	0.008	0.1
12.8	12.0247	0.008	0.1
12.8333	9.43564	0.008	0.1
12.8666	6.51856	0.008	0.1
12.9	3.4954	0.008	0.1
12.9333	0.58415	0.008	0.1
12.9666	-2.5788	0.008	0.1
13	-5.7376	0.008	0.1
13.0333	-8.75361	0.008	0.1
13.0666	-11.4047	0.008	0.1
13.1	-13.5779	0.008	0.1
13.1334	-15.4837	0.008	0.1
13.1666	-16.6011	0.008	0.1
13.2	-17.3249	0.008	0.1
13.2333	-17.5308	0.008	0.1
13.2666	-17.0662	0.008	0.1
13.3	-15.9655	0.008	0.1
13.3333	-14.3022	0.008	0.1
13.3666	-12.1987	0.008	0.1
13.4	-9.63872	0.008	0.1
13.4333	-6.74094	0.008	0.1
13.4666	-3.60873	0.008	0.1
13.5	-0.393016	0.008	0.1
13.5333	2.90049	0.008	0.1
13.5666	6.00085	0.008	0.1
13.6	8.94836	0.008	0.1
13.6334	11.5572	0.008	0.1
13.6666	13.8659	0.008	0.1
13.7	15.643	0.008	0.1
13.7333	16.9496	0.008	0.1
13.7666	17.6159	0.008	0.1
13.8	17.8073	0.008	0.1
13.8333	17.4872	0.008	0.1
13.8666	16.4173	0.008	0.1
13.9	14.8753	0.008	0.1
13.9333	12.9543	0.008	0.1
13.9666	10.4533	0.008	0.1
14	7.66492	0.008	0.1
14.0333	4.65366	0.008	0.1
14.0666	1.43955	0.008	0.1
14.1	-1.80415	0.008	0.1
14.1334	-4.98016	0.008	0.1
14.1666	-7.96739	0.008	0.1
14.2	-10.7319	0.008	0.1
14.2333	-13.0968	0.008	0.1
14.2666	-15.0379	0.008	0.1
14.3	-16.2786	0.008	0.1
14.3333	-17.2112	0.008	0.1
14.3666	-17.4438	0.008	0.1
14.4	-17.1731	0.008	0.1
14.4333	-16.1347	0.008	0.1
14.4666	-14.6067	0.008	0.1
14.5	-12.6296	0.008	0.1
14.5333	-10.1422	0.008	0.1
14.5666	-7.26636	0.008	0.1
14.6	-4.26782	0.008	0.1
14.6334	-1.09907	0.008	0.1
14.6666	2.17018	0.008	0.1
14.7	5.37167	0.008	0.1
14.7333	8.33323	0.008	0.1
14.7666	10.9445	0.008	0.1
14.8	13.3144	0.008	0.1
14.8333	15.2113	0.008	0.1
14.8666	16.6309	0.008	0.1
14.9	17.515	0.008	0.1
14.9333	17.6849	0.008	0.1
14.9666	17.507	0.008	0.1
15	16.5849	0.008	0.1
15.0333	15.1738	0.008	0.1
15.0666	13.2324	0.008	0.1
15.1	10.9408	0.008	0.1
15.1334	8.26134	0.008	0.1
15.1666	5.26255	0.008	0.1
15.2	2.11743	0.008	0.1
15.2333	-1.07677	0.008	0.1
15.2666	-4.27992	0.008	0.1
15.3	-7.34523	0.008	0.1
15.3333	-10.0826	0.008	0.1
15.3666	-12.5611	0.008	0.1
15.4	-14.4983	0.008	0.1
15.4333	-16.0155	0.008	0.1
15.4666	-16.9532	0.008	0.1
15.5	-17.3044	0.008	0.1
15.5333	-17.1057	0.008	0.1
15.5666	-16.2734	0.008	0.1
15.6	-14.871	0.008	0.1
15.6334	-12.9658	0.008	0.1
15.6666	-10.5627	0.008	0.1
15.7	-7.86743	0.008	0.1
15.7333	-4.88421	0.008	0.1
15.7666	-1.68693	0.008	0.1
15.8	1.48388	0.008	0.1
15.8333	4.5931	0.008	0.1
15.8666	7.60422	0.008	0.1
15.9	10.3666	0.008	0.1
15.9333	12.7576	0.008	0.1
15.9666	14.7466	0.008	0.1
16	16.2591	0.008	0.1
16.0333	17.2116	0.008	0.1
16.0666	17.5955	0.008	0.1
16.1	17.5472	0.008	0.1
16.1334	16.6879	0.008	0.1
16.1666	15.421	0.008	0.1
16.2	13.5731	0.008	0.1
16.2333	11.4417	0.008	0.1
16.2666	8.77133	0.008	0.1
16.3	5.85636	0.008	0.1
16.3333	3.17935	0.008	0.1
16.3666	-0.09911	0.008	0.1
16.4	-3.25196	0.008	0.1
16.4333	-6.26634	0.008	0.1
16.4666	-9.12318	0.008	0.1
16.5	-11.6915	0.008	0.1
16.5333	-13.8304	0.008	0.1
16.5666	-15.4224	0.008	0.1
16.6	-16.5363	0.008	0.1
16.6334	-17.0654	0.008	0.1
16.6666	-17.1162	0.008	0.1
16.7	-16.4669	0.008	0.1
16.7334	-15.2556	0.008	0.1
16.7666	-13.5124	0.008	0.1
16.8	-11.3031	0.008	0.1
16.8333	-8.74111	0.008	0.1
16.8666	-5.87386	0.008	0.1
16.9	-2.82164	0.008	0.1
16.9333	0.429906	0.008	0.1
16.9667	3.65399	0.008	0.1
17	6.59643	0.008	0.1
17.0333	9.49634	0.008	0.1
17.0666	11.962	0.008	0.1
17.1	14.0134	0.008	0.1
17.1333	15.6474	0.008	0.1
17.1667	16.815	0.008	0.1
17.2	17.3687	0.008	0.1
17.2334	17.4938	0.008	0.1
17.2666	16.9963	0.008	0.1
17.3	15.8866	0.008	0.1
17.3333	14.2089	0.008	0.1
17.3666	12.1744	0.008	0.1
17.4	9.66393	0.008	0.1
17.4333	6.79817	0.008	0.1
17.4667	3.78092	0.008	0.1
17.5	0.578219	0.008	0.1
17.5333	-2.56808	0.008	0.1
17.5666	-5.62457	0.008	0.1
17.6	-8.46759	0.008	0.1
17.6333	-11.0478	0.008	0.1
17.6667	-13.2969	0.008	0.1
17.7	-14.9957	0.008	0.1
17.7334	-16.2425	0.008	0.1
17.7666	-16.9109	0.008	0.1
17.8	-17.0713	0.008	0.1
17.8333	-16.5773	0.008	0.1
17.8666	-15.5243	0.008	0.1
17.9	-13.8393	0.008	0.1
17.9333	-11.7548	0.008	0.1
17.9667	-9.26631	0.008	0.1
18	-6.41049	0.008	0.1
18.0333	-3.41083	0.008	0.1
18.0666	-0.298645	0.008	0.1
18.1	2.90219	0.008	0.1
18.1333	5.95789	0.008	0.1
18.1667	8.79731	0.008	0.1
18.2	11.3556	0.008	0.1
18.2334	13.5426	0.008	0.1
18.2666	15.3178	0.008	0.1
18.3	16.4948	0.008	0.1
18.3333	17.1391	0.008	0.1
18.3666	17.3686	0.008	0.1
18.4	17.0215	0.008	0.1
18.4333	15.9292	0.008	0.1
18.4667	14.3885	0.008	0.1
18.5	12.4499	0.008	0.1
18.5333	10.052	0.008	0.1
18.5666	7.33936	0.008	0.1
18.6	4.34228	0.008	0.1
18.6333	1.24991	0.008	0.1
18.6667	-1.92132	0.008	0.1
18.7	-5.0085	0.008	0.1
18.7334	-7.90567	0.008	0.1
18.7666	-10.4933	0.008	0.1
18.8	-12.7836	0.008	0.1
18.8333	-14.6428	0.008	0.1
18.8666	-16.0093	0.008	0.1
18.9	-16.7103	0.008	0.1
18.9333	-16.8658	0.008	0.1
18.9667	-16.5706	0.008	0.1
19	-15.5737	0.008	0.1
19.0333	-14.0914	0.008	0.1
19.0666	-12.1221	0.008	0.1
19.1	-9.72127	0.008	0.1
19.1333	-7.03734	0.008	0.1
19.1667	-3.98928	0.008	0.1
19.2	-0.910738	0.008	0.1
19.2334	2.28225	0.008	0.1
19.2666	5.27372	0.008	0.1
19.3	8.17492	0.008	0.1
19.3333	10.7767	0.008	0.1
19.3666	13.0218	0.008	0.1
19.4	14.8978	0.008	0.1
19.4333	16.2127	0.008	0.1
19.4667	17.0072	0.008	0.1
19.5	17.2527	0.008	0.1
19.5333	16.997	0.008	0.1
19.5666	16.1099	0.008	0.1
19.6	14.6913	0.008	0.1
19.6333	12.7749	0.008	0.1
19.6667	10.5467	0.008	0.1
19.7	7.88729	0.008	0.1
19.7334	5.37419	0.008	0.1
19.7666	2.31064	0.008	0.1
19.8	-0.80377	0.008	0.1
19.8333	-3.89496	0.008	0.1
19.8666	-6.89229	0.008	0.1
19.9	-9.59964	0.008	0.1
19.9333	-11.9635	0.008	0.1
19.9667	-13.9279	0.008	0.1
20	-15.5266	0.008	0.1
20.0333	-16.4122	0.008	0.1
20.0666	-16.8246	0.008	0.1
20.1	-16.7357	0.008	0.1
20.1333	-15.8528	0.008	0.1
20.1667	-14.5893	0.008	0.1
20.2	-12.7762	0.008	0.1
20.2334	-10.4597	0.008	0.1
20.2666	-7.88629	0.008	0.1
20.3	-5.0001	0.008	0.1
20.3333	-1.93824	0.008	0.1
20.3666	1.15077	0.008	0.1
20.4	4.25596	0.008	0.1
20.4333	7.13362	0.008	0.1
20.4667	9.84932	0.008	0.1
20.5	12.245	0.008	0.1
20.5333	14.1631	0.008	0.1
20.5666	15.7051	0.008	0.1
20.6	16.6798	0.008	0.1
20.6333	17.0668	0.008	0.1
20.6667	17.0062	0.008	0.1
20.7	16.3481	0.008	0.1
20.7334	15.1195	0.008	0.1
20.7666	13.4333	0.008	0.1
20.8	11.3014	0.008	0.1
20.8333	8.79241	0.008	0.1
20.8666	5.89031	0.008	0.1
20.9	2.901	0.008	0.1
20.9333	-0.238685	0.008	0.1
20.9667	-3.28987	0.008	0.1
21	-6.23177	0.008	0.1
21.0333	-9.01961	0.008	0.1
21.0666	-11.4455	0.008	0.1
21.1	-13.5303	0.008	0.1
21.1333	-15.141	0.008	0.1
21.1667	-16.1574	0.008	0.1
21.2	-16.6165	0.008	0.1
21.2334	-16.6546	0.008	0.1
21.2666	-16.0475	0.008	0.1
21.3	-14.7867	0.008	0.1
21.3333	-13.066	0.008	0.1
21.3666	-10.9167	0.008	0.1
21.4	-8.37312	0.008	0.1
21.4333	-5.58411	0.008	0.1
21.4667	-2.5657	0.008	0.1
21.5	0.602792	0.008	0.1
21.5333	3.60762	0.008	0.1
21.5666	6.57484	0.008	0.1
21.6	9.3307	0.008	0.1
21.6333	11.7022	0.008	0.1
21.6667	13.7223	0.008	0.1
21.7	15.3888	0.008	0.1
21.7334	16.5135	0.008	0.1
21.7666	16.991	0.008	0.1
21.8	16.9312	0.008	0.1
21.8333	16.4563	0.008	0.1
21.8666	15.2862	0.008	0.1
21.9	13.6191	0.008	0.1
21.9333	11.6135	0.008	0.1
21.9667	9.13381	0.008	0.1
22	6.38987	0.008	0.1
22.0333	3.40352	0.008	0.1
22.0666	0.406412	0.008	0.1
22.1	-2.62371	0.008	0.1
22.1333	-5.67102	0.008	0.1
22.1667	-8.4109	0.008	0.1
22.2	-10.9544	0.008	0.1
22.2334	-13.0957	0.008	0.1
22.2666	-14.701	0.008	0.1
22.3	-15.7792	0.008	0.1
22.3333	-16.4514	0.008	0.1
22.3666	-16.533	0.008	0.1
22.4	-16.0608	0.008	0.1
22.4333	-14.9568	0.008	0.1
22.4667	-13.3169	0.008	0.1
22.5	-11.2297	0.008	0.1
22.5333	-8.8484	0.008	0.1
22.5666	-6.06888	0.008	0.1
22.6	-3.14849	0.008	0.1
22.6333	-0.108204	0.008	0.1
22.6667	2.97778	0.008	0.1
22.7	5.87817	0.008	0.1
22.7334	8.71359	0.008	0.1
22.7666	11.1389	0.008	0.1
22.8	13.2645	0.008	0.1
22.8333	14.9077	0.008	0.1
22.8666	16.1793	0.008	0.1
22.9	16.8254	0.008	0.1
22.9333	16.7856	0.008	0.1
22.9667	16.4414	0.008	0.1
23	15.3913	0.008	0.1
23.0333	13.8352	0.008	0.1
23.0666	11.8885	0.008	0.1
23.1	9.61666	0.008	0.1
23.1333	6.97741	0.008	0.1
23.1667	4.41364	0.008	0.1
23.2	1.4646	0.008	0.1
23.2334	-1.66306	0.008	0.1
23.2666	-4.61285	0.008	0.1
23.3	-7.48116	0.008	0.1
23.3333	-10.1422	0.008	0.1
23.3666	-12.3064	0.008	0.1
23.4	-14.1751	0.008	0.1
23.4333	-15.4331	0.008	0.1
23.4667	-16.1681	0.008	0.1
23.5	-16.4275	0.008	0.1
23.5333	-16.1076	0.008	0.1
23.5666	-15.2591	0.008	0.1
23.6	-13.7809	0.008	0.1
23.6333	-11.8394	0.008	0.1
23.6667	-9.57153	0.008	0.1
23.7	-6.9325	0.008	0.1
23.7334	-4.09923	0.008	0.1
23.7666	-1.06806	0.008	0.1
23.8	2.05147	0.008	0.1
23.8333	5.01212	0.008	0.1
23.8666	7.80263	0.008	0.1
23.9	10.3367	0.008	0.1
23.9333	12.5702	0.008	0.1
23.9667	14.386	0.008	0.1
24	15.7342	0.008	0.1
24.0333	16.598	0.008	0.1
24.0666	16.6778	0.008	0.1
24.1	16.4608	0.008	0.1
24.1333	15.7299	0.008	0.1
24.1667	14.3285	0.008	0.1
24.2	12.5752	0.008	0.1
24.2334	10.293	0.008	0.1
24.2666	7.73797	0.008	0.1
24.3	4.91374	0.008	0.1
24.3333	1.94582	0.008	0.1
24.3666	-0.976859	0.008	0.1
24.4	-3.97192	0.008	0.1
24.4333	-6.81394	0.008	0.1
24.4667	-9.48981	0.008	0.1
24.5	-11.7944	0.008	0.1
24.5333	-13.6374	0.008	0.1
24.5666	-15.0176	0.008	0.1
24.6	-15.9076	0.008	0.1
24.6333	-16.2889	0.008	0.1
24.6667	-16.1864	0.008	0.1
24.7	-15.4211	0.008	0.1
24.7334	-14.0166	0.008	0.1
24.7666	-12.2421	0.008	0.1
24.8	-9.96367	0.008	0.1
24.8333	-7.3644	0.008	0.1
24.8666	-4.60762	0.008	0.1
24.9	-1.65434	0.008	0.1
24.9333	1.37526	0.008	0.1
24.9667	4.38407	0.008	0.1
25	7.21622	0.008	0.1
25.0333	9.84754	0.008	0.1
25.0666	12.1767	0.008	0.1
25.1	13.9934	0.008	0.1
25.1333	15.4681	0.008	0.1
25.1667	16.2638	0.008	0.1
25.2	16.6248	0.008	0.1
25.2334	16.5511	0.008	0.1
25.2666	15.9243	0.008	0.1
25.3	14.6195	0.008	0.1
25.3333	12.8222	0.008	0.1
25.3666	10.7169	0.008	0.1
25.4	8.24711	0.008	0.1
25.4333	5.53199	0.008	0.1
25.4667	2.61817	0.008	0.1
25.5	-0.392922	0.008	0.1
25.5333	-3.40577	0.008	0.1
25.5666	-6.31144	0.008	0.1
25.6	-8.97598	0.008	0.1
25.6333	-11.2245	0.008	0.1
25.6667	-13.2539	0.008	0.1
25.7	-14.7767	0.008	0.1
25.7334	-15.6404	0.008	0.1
25.7666	-16.1339	0.008	0.1
25.8	-16.0661	0.008	0.1
25.8333	-15.4264	0.008	0.1
25.8666	-14.1943	0.008	0.1
25.9	-12.4252	0.008	0.1
25.9333	-10.3467	0.008	0.1
25.9667	-7.8617	0.008	0.1
26	-5.05964	0.008	0.1
26.0333	-2.16662	0.008	0.1
26.0666	0.832	0.008	0.1
26.1	3.68698	0.008	0.1
26.1333	6.54428	0.008	0.1
26.1667	9.30167	0.008	0.1
26.2	11.6475	0.008	0.1
26.2334	13.5106	0.008	0.1
26.2666	15.0449	0.008	0.1
26.3	16.0558	0.008	0.1
26.3333	16.4182	0.008	0.1
26.3666	16.441	0.008	0.1
26.4	15.8133	0.008	0.1
26.4333	14.7364	0.008	0.1
26.4667	13.1242	0.008	0.1
26.5	11.1625	0.008	0.1
26.5333	8.7032	0.008	0.1
26.5666	6.01686	0.008	0.1
26.6	3.52302	0.008	0.1
26.6333	0.566844	0.008	0.1
26.6667	-2.36763	0.008	0.1
26.7	-5.25162	0.008	0.1
26.7334	-8.01813	0.008	0.1
26.7666	-10.4721	0.008	0.1
26.8	-12.5517	0.008	0.1
26.8333	-14.2086	0.008	0.1
26.8666	-15.3779	0.008	0.1
26.9	-15.9572	0.008	0.1
26.9333	-16.0673	0.008	0.1
26.9667	-15.6887	0.008	0.1
27	-14.5625	0.008	0.1
27.0333	-13.0124	0.008	0.1
27.0666	-11.0006	0.008	0.1
27.1	-8.70972	0.008	0.1
27.1333	-5.92434	0.008	0.1
27.1667	-3.06634	0.008	0.1
27.2	-0.175483	0.008	0.1
27.2334	2.78975	0.008	0.1
27.2666	5.67913	0.008	0.1
27.3	8.30901	0.008	0.1
27.3333	10.7663	0.008	0.1
27.3666	12.8345	0.008	0.1
27.4	14.4279	0.008	0.1
27.4333	15.5975	0.008	0.1
27.4667	16.2774	0.008	0.1
27.5	16.3437	0.008	0.1
27.5333	16.0241	0.008	0.1
27.5666	15.0487	0.008	0.1
27.6	13.5566	0.008	0.1
27.6333	11.7098	0.008	0.1
27.6667	9.36897	0.008	0.1
27.7	6.8219	0.008	0.1
27.7334	3.9925	0.008	0.1
27.7666	1.13268	0.008	0.1
27.8	-1.81874	0.008	0.1
27.8333	-4.771	0.008	0.1
27.8666	-7.54516	0.008	0.1
27.9	-9.98012	0.008	0.1
27.9333	-12.1216	0.008	0.1
27.9667	-13.829	0.008	0.1
28	-15.0732	0.008	0.1
28.0333	-15.7477	0.008	0.1
28.0666	-15.9768	0.008	0.1
28.1	-15.6581	0.008	0.1
28.1333	-14.656	0.008	0.1
28.1667	-13.2458	0.008	0.1
28.2	-11.3853	0.008	0.1
28.2334	-9.03702	0.008	0.1
28.2666	-6.45364	0.008	0.1
28.3	-3.65343	0.008	0.1
28.3333	-0.78537	0.008	0.1
28.3666	2.21902	0.008	0.1
28.4	5.09869	0.008	0.1
28.4333	7.90113	0.008	0.1
28.4667	10.3082	0.008	0.1
28.5	12.3733	0.008	0.1
28.5333	14.0881	0.008	0.1
28.5666	15.2988	0.008	0.1
28.6	16.0066	0.008	0.1
28.6333	16.2161	0.008	0.1
28.6667	15.9384	0.008	0.1
28.7	15.1079	0.008	0.1
28.7334	13.7461	0.008	0.1
28.7666	11.9347	0.008	0.1
28.8	9.748	0.008	0.1
28.8333	7.29843	0.008	0.1
28.8666	4.56938	0.008	0.1
28.9	1.65412	0.008	0.1
28.9333	-1.27244	0.008	0.1
28.9667	-4.09922	0.008	0.1
29	-6.89319	0.008	0.1
29.0333	-9.44994	0.008	0.1
29.0666	-11.5936	0.008	0.1
29.1	-13.4065	0.008	0.1
29.1333	-14.8385	0.008	0.1
29.1667	-15.5143	0.008	0.1
29.2	-15.801	0.008	0.1
29.2334	-15.6339	0.008	0.1
29.2666	-14.7965	0.008	0.1
29.3	-13.4383	0.008	0.1
29.3333	-11.6259	0.008	0.1
29.3666	-9.45372	0.008	0.1
29.4	-6.91959	0.008	0.1
29.4333	-4.14167	0.008	0.1
29.4667	-1.30892	0.008	0.1
29.5	1.6209	0.008	0.1
29.5333	4.52924	0.008	0.1
29.5666	7.30675	0.008	0.1
29.6	9.75611	0.008	0.1
29.6333	11.9439	0.008	0.1
29.6667	13.655	0.008	0.1
29.7	14.9868	0.008	0.1
29.7334	15.8513	0.008	0.1
29.7666	16.0765	0.008	0.1
29.8	15.943	0.008	0.1
29.8333	15.2101	0.008	0.1
29.8666	13.9405	0.008	0.1
29.9	12.2539	0.008	0.1
29.9333	10.1729	0.008	0.1
29.9667	7.6728	0.008	0.1
30	5.45808	0.008	0.1
30.0333	2.54094	0.008	0.1
30.0666	-0.413664	0.008	0.1
30.1	-3.2361	0.008	0.1
30.1333	-6.05233	0.008	0.1
30.1667	-8.67665	0.008	0.1
30.2	-10.9194	0.008	0.1
30.2334	-12.8025	0.008	0.1
30.2666	-14.3165	0.008	0.1
30.3	-15.2552	0.008	0.1
30.3333	-15.6639	0.008	0.1
30.3666	-15.6034	0.008	0.1
30.4	-15.0591	0.008	0.1
30.4333	-13.7855	0.008	0.1
30.4667	-12.2469	0.008	0.1
30.5	-10.0874	0.008	0.1
30.5333	-7.645	0.008	0.1
30.5666	-4.9844	0.008	0.1
30.6	-2.16964	0.008	0.1
30.6333	0.716889	0.008	0.1
30.6667	3.66176	0.008	0.1
30.7	6.35145	0.008	0.1
30.7334	8.89293	0.008	0.1
30.7666	11.1677	0.008	0.1
30.8	13.0832	0.008	0.1
30.8333	14.543	0.008	0.1
30.8666	15.5244	0.008	0.1
30.9	15.9856	0.008	0.1
30.9333	15.9988	0.008	0.1
30.9667	15.3937	0.008	0.1
31	14.2694	0.008	0.1
31.0333	12.7192	0.008	0.1
31.0666	10.8133	0.008	0.1
31.1	8.46396	0.008	0.1
31.1333	5.83549	0.008	0.1
31.1667	3.01676	0.008	0.1
31.2	0.0704794	0.008	0.1
31.2334	-2.75008	0.008	0.1
31.2666	-5.4525	0.008	0.1
31.3	-8.09952	0.008	0.1
31.3333	-10.4629	0.008	0.1
31.3666	-12.4319	0.008	0.1
31.4	-13.8742	0.008	0.1
31.4333	-15.0168	0.008	0.1
31.4667	-15.4201	0.008	0.1
31.5	-15.4676	0.008	0.1
31.5333	-14.9333	0.008	0.1
31.5666	-13.9011	0.008	0.1
31.6	-12.4042	0.008	0.1
31.6333	-10.3484	0.008	0.1
31.6667	-8.03991	0.008	0.1
31.7	-5.46509	0.008	0.1
31.7334	-2.67943	0.008	0.1
31.7666	0.200321	0.008	0.1
31.8	3.06561	0.008	0.1
31.8333	5.81326	0.008	0.1
31.8666	8.40553	0.008	0.1
31.9	10.7281	0.008	0.1
31.9333	12.6509	0.008	0.1
31.9667	14.177	0.008	0.1
32	15.2394	0.008	0.1
32.0333	15.7033	0.008	0.1
32.0666	15.7801	0.008	0.1
32.1	15.3367	0.008	0.1
32.1333	14.3708	0.008	0.1
32.1667	12.9262	0.008	0.1
32.2	11.0133	0.008	0.1
32.2334	8.79991	0.008	0.1
32.2666	6.28824	0.008	0.1
32.3	3.55015	0.008	0.1
32.3333	0.608752	0.008	0.1
32.3666	-2.14082	0.008	0.1
32.4	-4.90222	0.008	0.1
32.4333	-7.54749	0.008	0.1
32.4667	-9.91901	0.008	0.1
32.5	-11.9346	0.008	0.1
32.5333	-13.4742	0.008	0.1
32.5666	-14.638	0.008	0.1
32.6	-15.31	0.008	0.1
32.6333	-15.3454	0.008	0.1
32.6667	-15.0644	0.008	0.1
32.7	-14.0538	0.008	0.1
32.7334	-12.5738	0.008	0.1
32.7666	-10.6768	0.008	0.1
32.8	-8.49222	0.008	0.1
32.8333	-5.93722	0.008	0.1
32.8666	-3.21377	0.008	0.1
32.9	-0.366013	0.008	0.1
32.9333	2.4865	0.008	0.1
32.9667	5.24927	0.008	0.1
33	7.82726	0.008	0.1
33.0333	10.187	0.008	0.1
33.0666	12.0816	0.008	0.1
33.1	13.7934	0.008	0.1
33.1333	14.9863	0.008	0.1
33.1667	15.5316	0.008	0.1
33.2	15.749	0.008	0.1
33.2334	15.4671	0.008	0.1
33.2666	14.5222	0.008	0.1
33.3	13.1616	0.008	0.1
33.3333	11.3361	0.008	0.1
33.3666	9.2363	0.008	0.1
33.4	6.75889	0.008	0.1
33.4333	4.38141	0.008	0.1
33.4667	1.62433	0.008	0.1
33.5	-1.21905	0.008	0.1
33.5333	-4.05746	0.008	0.1
33.5666	-6.68506	0.008	0.1
33.6	-9.10725	0.008	0.1
33.6333	-11.2613	0.008	0.1
33.6667	-12.9309	0.008	0.1
33.7	-14.2117	0.008	0.1
33.7334	-15.0555	0.008	0.1
33.7666	-15.3265	0.008	0.1
33.8	-15.1792	0.008	0.1
33.8333	-14.2345	0.008	0.1
33.8666	-12.9809	0.008	0.1
33.9	-11.2769	0.008	0.1
33.9333	-9.06706	0.008	0.1
33.9667	-6.70902	0.008	0.1
34	-3.92991	0.008	0.1
34.0333	-1.19443	0.008	0.1
34.0666	1.65301	0.008	0.1
34.1	4.46047	0.008	0.1
34.1333	6.95878	0.008	0.1
34.1667	9.45262	0.008	0.1
34.2	11.4931	0.008	0.1
34.2334	13.2469	0.008	0.1
34.2666	14.4551	0.008	0.1
34.3	15.2851	0.008	0.1
34.3333	15.6264	0.008	0.1
34.3666	15.4785	0.008	0.1
34.4	14.7215	0.008	0.1
34.4333	13.4986	0.008	0.1
34.4667	11.826	0.008	0.1
34.5	9.84732	0.008	0.1
34.5333	7.38904	0.008	0.1
34.5666	4.89926	0.008	0.1
34.6	2.0363	0.008	0.1
34.6333	-0.783258	0.008	0.1
34.6667	-3.58663	0.008	0.1
34.7	-6.17922	0.008	0.1
34.7334	-8.62848	0.008	0.1
34.7666	-10.8296	0.008	0.1
34.8	-12.5925	0.008	0.1
34.8333	-13.8665	0.008	0.1
34.8666	-14.7539	0.008	0.1
34.9	-15.0809	0.008	0.1
34.9333	-14.9872	0.008	0.1
34.9667	-14.3518	0.008	0.1
35	-13.1696	0.008	0.1
35.0333	-11.5343	0.008	0.1
35.0666	-9.49126	0.008	0.1
35.1	-7.04258	0.008	0.1
35.1333	-4.38069	0.008	0.1
35.1667	-1.70624	0.008	0.1
35.2	1.15613	0.008	0.1
35.2334	3.93698	0.008	0.1
35.2666	6.54056	0.008	0.1
35.3	8.99248	0.008	0.1
35.3333	11.1186	0.008	0.1
35.3666	12.9216	0.008	0.1
35.4	14.2619	0.008	0.1
35.4333	15.0855	0.008	0.1
35.4667	15.3886	0.008	0.1
35.5	15.4033	0.008	0.1
35.5333	14.8017	0.008	0.1
35.5666	13.5841	0.008	0.1
35.6	12.0524	0.008	0.1
35.6333	10.0809	0.008	0.1
35.6667	7.74016	0.008	0.1
35.7	5.25569	0.008	0.1
35.7334	2.54987	0.008	0.1
35.7666	-0.283229	0.008	0.1
35.8	-3.02001	0.008	0.1
35.8333	-5.67894	0.008	0.1
35.8666	-8.13878	0.008	0.1
35.9	-10.3324	0.008	0.1
35.9333	-12.1792	0.008	0.1
35.9667	-13.6047	0.008	0.1
36	-14.5281	0.008	0.1
36.0333	-14.9306	0.008	0.1
36.0666	-14.9956	0.008	0.1
36.1	-14.4643	0.008	0.1
36.1333	-13.3144	0.008	0.1
36.1667	-11.7187	0.008	0.1
36.2	-9.82002	0.008	0.1
36.2334	-7.47774	0.008	0.1
36.2666	-4.95972	0.008	0.1
36.3	-2.19278	0.008	0.1
36.3333	0.602081	0.008	0.1
36.3666	3.47624	0.008	0.1
36.4	6.05311	0.008	0.1
36.4333	8.43883	0.008	0.1
36.4667	10.583	0.008	0.1
36.5	12.3463	0.008	0.1
36.5333	13.8215	0.008	0.1
36.5666	14.7922	0.008	0.1
36.6	15.2584	0.008	0.1
36.6333	15.2855	0.008	0.1
36.6667	14.7957	0.008	0.1
36.7	13.7224	0.008	0.1
36.7334	12.2965	0.008	0.1
36.7666	10.3696	0.008	0.1
36.8	8.16906	0.008	0.1
36.8333	6.04267	0.008	0.1
36.8666	3.44346	0.008	0.1
36.9	0.597674	0.008	0.1
36.9333	-2.2141	0.008	0.1
36.9667	-4.83342	0.008	0.1
37	-7.33156	0.008	0.1
37.0333	-9.55128	0.008	0.1
37.0666	-11.4924	0.008	0.1
37.1	-13.0714	0.008	0.1
37.1333	-14.1594	0.008	0.1
37.1667	-14.7964	0.008	0.1
37.2	-14.8903	0.008	0.1
37.2334	-14.4542	0.008	0.1
37.2666	-13.5147	0.008	0.1
37.3	-12.1497	0.008	0.1
37.3333	-10.2747	0.008	0.1
37.3666	-8.17439	0.008	0.1
37.4	-5.63978	0.008	0.1
37.4333	-2.98002	0.008	0.1
37.4667	-0.161055	0.008	0.1
37.5	2.52927	0.008	0.1
37.5333	5.20576	0.008	0.1
37.5666	7.666	0.008	0.1
37.6	9.93288	0.008	0.1
37.6333	11.7608	0.008	0.1
37.6667	13.3423	0.008	0.1
37.7	14.5197	0.008	0.1
37.7334	15.071	0.008	0.1
37.7666	15.1393	0.008	0.1
37.8	14.8449	0.008	0.1
37.8333	13.954	0.008	0.1
37.8666	12.5431	0.008	0.1
37.9	10.8699	0.008	0.1
37.9333	8.84728	0.008	0.1
37.9667	6.4709	0.008	0.1
38	3.86452	0.008	0.1
38.0333	1.05563	0.008	0.1
38.0666	-1.57059	0.008	0.1
38.1	-4.27046	0.008	0.1
38.1333	-6.82956	0.008	0.1
38.1667	-9.11287	0.008	0.1
38.2	-11.1037	0.008	0.1
38.2334	-12.7511	0.008	0.1
38.2666	-13.8915	0.008	0.1
38.3	-14.5498	0.008	0.1
38.3333	-14.7412	0.008	0.1
38.3666	-14.4803	0.008	0.1
38.4	-13.6259	0.008	0.1
38.4333	-12.2701	0.008	0.1
38.4667	-10.5112	0.008	0.1
38.5	-8.40442	0.008	0.1
38.5333	-6.06599	0.008	0.1
38.5666	-3.43865	0.008	0.1
38.6	-0.651623	0.008	0.1
38.6333	2.0169	0.008	0.1
38.6667	4.72206	0.008	0.1
38.7	7.18645	0.008	0.1
38.7334	9.54357	0.008	0.1
38.7666	11.4159	0.008	0.1
38.8	13.0475	0.008	0.1
38.8333	14.2416	0.008	0.1
38.8666	14.7677	0.008	0.1
38.9	15.0132	0.008	0.1
38.9333	14.8213	0.008	0.1
38.9667	14.0301	0.008	0.1
39	12.7491	0.008	0.1
39.0333	11.1061	0.008	0.1
39.0666	9.13001	0.008	0.1
39.1	6.82521	0.008	0.1
39.1333	4.31077	0.008	0.1
39.1667	1.56657	0.008	0.1
39.2	-1.18544	0.008	0.1
39.2334	-3.85851	0.008	0.1
39.2666	-6.34344	0.008	0.1
39.3	-8.68612	0.008	0.1
39.3333	-10.7142	0.008	0.1
39.3666	-12.373	0.008	0.1
39.4	-13.6392	0.008	0.1
39.4333	-14.3221	0.008	0.1
39.4667	-14.5997	0.008	0.1
39.5	-14.4857	0.008	0.1
39.5333	-13.7371	0.008	0.1
39.5666	-12.4144	0.008	0.1
39.6	-10.7347	0.008	0.1
39.6333	-8.65803	0.008	0.1
39.6667	-6.34355	0.008	0.1
39.7	-3.84356	0.008	0.1
39.7334	-1.17217	0.008	0.1
39.7666	1.53768	0.008	0.1
39.8	4.18856	0.008	0.1
39.8333	6.62423	0.008	0.1
39.8666	8.97527	0.008	0.1
39.9	11.0131	0.008	0.1
39.9333	12.6653	0.008	0.1
39.9667	13.9595	0.008	0.1
40	14.6497	0.008	0.1
40.0333	14.8772	0.008	0.1
40.0666	14.7181	0.008	0.1
40.1	14.0216	0.008	0.1
40.1333	12.9398	0.008	0.1
40.1667	11.3543	0.008	0.1
40.2	9.46182	0.008	0.1
40.2334	7.12012	0.008	0.1
40.2666	4.99697	0.008	0.1
40.3	2.28536	0.008	0.1
40.3333	-0.444213	0.008	0.1
40.3666	-3.00522	0.008	0.1
40.4	-5.55421	0.008	0.1
40.4333	-8.00128	0.008	0.1
40.4667	-10.0932	0.008	0.1
40.5	-11.877	0.008	0.1
40.5333	-13.2347	0.008	0.1
40.5666	-14.0199	0.008	0.1
40.6	-14.4278	0.008	0.1
40.6333	-14.3853	0.008	0.1
40.6667	-13.7595	0.008	0.1
40.7	-12.7636	0.008	0.1
40.7334	-11.2377	0.008	0.1
40.7666	-9.24574	0.008	0.1
40.8	-6.975	0.008	0.1
40.8333	-4.52878	0.008	0.1
40.8666	-1.93028	0.008	0.1
40.9	0.823908	0.008	0.1
40.9333	3.43079	0.008	0.1
40.9667	5.98994	0.008	0.1
41	8.37266	0.008	0.1
41.0333	10.4043	0.008	0.1
41.0666	12.1829	0.008	0.1
41.1	13.3825	0.008	0.1
41.1333	14.2535	0.008	0.1
41.1667	14.7293	0.008	0.1
41.2	14.6805	0.008	0.1
41.2334	14.0785	0.008	0.1
41.2666	13.1591	0.008	0.1
41.3	11.6549	0.008	0.1
41.3333	9.83599	0.008	0.1
41.3666	7.72905	0.008	0.1
41.4	5.31592	0.008	0.1
41.4333	2.72313	0.008	0.1
41.4667	0.0606783	0.008	0.1
41.5	-2.58903	0.008	0.1
41.5333	-5.11189	0.008	0.1
41.5666	-7.54236	0.008	0.1
41.6	-9.63757	0.008	0.1
41.6333	-11.4355	0.008	0.1
41.6667	-12.8854	0.008	0.1
41.7	-13.7948	0.008	0.1
41.7334	-14.1539	0.008	0.1
41.7666	-14.2887	0.008	0.1
41.8	-13.8372	0.008	0.1
41.8333	-12.8044	0.008	0.1
41.8666	-11.2862	0.008	0.1
41.9	-9.49678	0.008	0.1
41.9333	-7.31328	0.008	0.1
41.9667	-4.86836	0.008	0.1
42	-2.31229	0.008	0.1
42.0333	0.303949	0.008	0.1
42.0666	3.01224	0.008	0.1
42.1	5.56903	0.008	0.1
42.1333	7.90504	0.008	0.1
42.1667	10.0206	0.008	0.1
42.2	11.8298	0.008	0.1
42.2334	13.0952	0.008	0.1
42.2666	14.0083	0.008	0.1
42.3	14.5739	0.008	0.1
42.3333	14.562	0.008	0.1
42.3666	14.1104	0.008	0.1
42.4	13.176	0.008	0.1
42.4333	11.8381	0.008	0.1
42.4667	10.0606	0.008	0.1
42.5	7.94182	0.008	0.1
42.5333	5.60873	0.008	0.1
42.5666	3.16815	0.008	0.1
42.6	0.512191	0.008	0.1
42.6333	-2.1265	0.008	0.1
42.6667	-4.67169	0.008	0.1
42.7	-7.11978	0.008	0.1
42.7334	-9.29551	0.008	0.1
42.7666	-11.0753	0.008	0.1
42.8	-12.4981	0.008	0.1
42.8333	-13.4887	0.008	0.1
42.8666	-14.0249	0.008	0.1
42.9	-14.0678	0.008	0.1
42.9333	-13.7177	0.008	0.1
42.9667	-12.8794	0.008	0.1
43	-11.5065	0.008	0.1
43.0333	-9.70702	0.008	0.1
43.0666	-7.57174	0.008	0.1
43.1	-5.20811	0.008	0.1
43.1333	-2.69989	0.008	0.1
43.1667	-0.117727	0.008	0.1
43.2	2.54163	0.008	0.1
43.2334	5.03245	0.008	0.1
43.2666	7.45602	0.008	0.1
43.3	9.51347	0.008	0.1
43.3333	11.3287	0.008	0.1
43.3666	12.8003	0.008	0.1
43.4	13.7979	0.008	0.1
43.4333	14.3563	0.008	0.1
43.4667	14.4325	0.008	0.1
43.5	14.1478	0.008	0.1
43.5333	13.2577	0.008	0.1
43.5666	11.9793	0.008	0.1
43.6	10.1994	0.008	0.1
43.6333	8.26543	0.008	0.1
43.6667	5.9445	0.008	0.1
43.7	3.78904	0.008	0.1
43.7334	1.28299	0.008	0.1
43.7666	-1.34157	0.008	0.1
43.8	-3.93537	0.008	0.1
43.8333	-6.30392	0.008	0.1
43.8666	-8.52302	0.008	0.1
43.9	-10.4807	0.008	0.1
43.9333	-12.0718	0.008	0.1
43.9667	-13.1213	0.008	0.1
44	-13.7541	0.008	0.1
44.0333	-14.027	0.008	0.1
44.0666	-13.8986	0.008	0.1
44.1	-13.0277	0.008	0.1
44.1333	-11.7755	0.008	0.1
44.1667	-10.1019	0.008	0.1
44.2	-8.13152	0.008	0.1
44.2334	-5.82855	0.008	0.1
44.2666	-3.37175	0.008	0.1
44.3	-0.783175	0.008	0.1
44.3333	1.83084	0.008	0.1
44.3666	4.36613	0.008	0.1
44.4	6.74175	0.008	0.1
44.4333	8.92111	0.008	0.1
44.4667	10.7373	0.008	0.1
44.5	12.3082	0.008	0.1
44.5333	13.5099	0.008	0.1
44.5666	14.1243	0.008	0.1
44.6	14.3017	0.008	0.1
44.6333	14.1419	0.008	0.1
44.6667	13.4442	0.008	0.1
44.7	12.1947	0.008	0.1
44.7334	10.6893	0.008	0.1
44.7666	8.75219	0.008	0.1
44.8	6.56947	0.008	0.1
44.8333	4.12288	0.008	0.1